1 1 1 2 2 2 2 2 2 2 2 2 2 3 3 4 5 5 5 15 
0 0 6
1 0 3
2 3 10
3 13 2
4 15 1
5 16 3
15 19 1
6 6 6 6 7 7 7 7 7 7 7 8 8 8 9 9 9 9 20 0 
1 1 5
6 0 4
7 4 7
8 11 3
9 14 4
20 18 1
10 10 10 11 11 11 11 12 12 12 12 13 13 13 13 13 13 16 16 16 
0 0 5
10 0 3
11 3 4
12 7 4
13 11 6
16 17 3
14 14 14 14 14 17 17 17 17 18 18 18 18 19 19 19 0 0 0 0 
4 4 4
14 0 5
17 5 4
18 9 4
19 13 3
0 0 0 0 0 0 0 0 0 0 0 0 0 0 0 0 0 0 0 0 
20 20 0
0 0 0 0 0 0 0 0 0 0 0 0 0 0 0 0 0 0 0 0 
20 20 0
0 0 0 0 0 0 0 0 0 0 0 0 0 0 0 0 0 0 0 0 
20 20 0
0 0 0 0 0 0 0 0 0 0 0 0 0 0 0 0 0 0 0 0 
20 20 0
0 0 0 0 0 0 0 0 0 0 0 0 0 0 0 0 0 0 0 0 
20 20 0
0 0 0 0 0 0 0 0 0 0 0 0 0 0 0 0 0 0 0 0 
20 20 0
