1 1 2 2 2 3 0 0 0 0 20 0 0 0 0 0 0 0 0 0
9 13 4
20 10 1
1 0 2
2 2 3
3 5 1
0 0 0 0 0 0 0 0 0 0 0 0 0 0 0 0 0 0 0 0 
20 20 0
0 0 0 0 0 0 0 0 0 0 0 0 0 0 0 0 0 0 0 0 
20 20 0
0 0 0 0 0 0 0 0 0 0 0 0 0 0 0 0 0 0 0 0 
20 20 0
0 0 0 0 0 0 0 0 0 0 0 0 0 0 0 0 0 0 0 0 
20 20 0
0 0 0 0 0 0 0 0 0 0 0 0 0 0 0 0 0 0 0 0 
20 20 0
0 0 0 0 0 0 0 0 0 0 0 0 0 0 0 0 0 0 0 0 
20 20 0
0 0 0 0 0 0 0 0 0 0 0 0 0 0 0 0 0 0 0 0 
20 20 0
0 0 0 0 0 0 0 0 0 0 0 0 0 0 0 0 0 0 0 0 
20 20 0
0 0 0 0 0 0 0 0 0 0 0 0 0 0 0 0 0 0 0 0 
20 20 0